a=19.8



b=a*0.05+a


